15564
1705
13855
4
 
81 53  
 
17
154 138 26 149 177 80 150 68 121 29 169 129 79 176  
112 147 6 183 96 104 99 92 151 95  
146 52 153 194 106 82 8 114 199 84 173 61 16 141 191  
167 127 190 31 189 108 90 181 32 131  
132 69 1 102 157 3 158 185 33 50  
58 152 137 37 98 85 91 193 100 42 172 57 178 115 2  
40 155 56 186 23 67 39 187 139 170 25  
184 116 163 24 134 130 165 55 4 179 195 109 12 28  
27 162 101 30 128 20 66 65 136 35 135 120  
107 175 11 126 63 64 49 143 36 47 168 124  
21 72 197 75 133 22 41 15 43 144 87 97 117  
13 44 140 38 86 113 17 45 125 83  
88 148 159 62 19 123 48 18 156  
73 74 171 145 142 14 119 192 59  
122 51 103 161 71 188 160 10 182 7 60 118 5 93 94  
111 76 196 77 54 110 198 180 105  
89 166 174 46 70 9 164 34 78  